2849575,812777,181813,73875,48451,36935,30758,34850,39293,32510,2962018,921431,145938,75528,43091,39546,35705,41779,33184,3187617,777862,105337,70484,58357,41046,39102,29116,3656532,1082632,167835,124897,61176,49732,58005,2954518,679211,137124,86133,58728,52411,2798833,669697,123736,84337,68451,2514308,627689,130608,88366,2591302,673671,152472,2919700,1017734,3592983
2962018,921431,145938,75528,43091,39546,35705,41779,33184,23758,3187617,777862,105337,70484,58357,41046,39102,29116,20053,3656532,1082632,167835,124897,61176,49732,58005,39717,2954518,679211,137124,86133,58728,52411,39226,2798833,669697,123736,84337,68451,34005,2514308,627689,130608,88366,69066,2591302,673671,152472,89515,2919700,1017734,223722,3592983,1096442,3986207
3187617,777862,105337,70484,58357,41046,39102,29116,20053,15193,3656532,1082632,167835,124897,61176,49732,58005,39717,14125,2954518,679211,137124,86133,58728,52411,39226,29684,2798833,669697,123736,84337,68451,34005,44023,2514308,627689,130608,88366,69066,47624,2591302,673671,152472,89515,58320,2919700,1017734,223722,151953,3592983,1096442,274002,3986207,1328256,3889747
3656532,1082632,167835,124897,61176,49732,58005,39717,14125,13513,2954518,679211,137124,86133,58728,52411,39226,29684,19154,2798833,669697,123736,84337,68451,34005,44023,21975,2514308,627689,130608,88366,69066,47624,38045,2591302,673671,152472,89515,58320,39055,2919700,1017734,223722,151953,72140,3592983,1096442,274002,141320,3986207,1328256,237529,3889747,1390498,4369702
2954518,679211,137124,86133,58728,52411,39226,29684,19154,8524,2798833,669697,123736,84337,68451,34005,44023,21975,18220,2514308,627689,130608,88366,69066,47624,38045,25346,2591302,673671,152472,89515,58320,39055,29590,2919700,1017734,223722,151953,72140,42135,3592983,1096442,274002,141320,96679,3986207,1328256,237529,210606,3889747,1390498,244965,4369702,1252677,4155844
2798833,669697,123736,84337,68451,34005,44023,21975,18220,13989,2514308,627689,130608,88366,69066,47624,38045,25346,21344,2591302,673671,152472,89515,58320,39055,29590,23190,2919700,1017734,223722,151953,72140,42135,45378,3592983,1096442,274002,141320,96679,61603,3986207,1328256,237529,210606,126274,3889747,1390498,244965,145148,4369702,1252677,224608,4155844,944676,4245004
2514308,627689,130608,88366,69066,47624,38045,25346,21344,15720,2591302,673671,152472,89515,58320,39055,29590,23190,17626,2919700,1017734,223722,151953,72140,42135,45378,52911,3592983,1096442,274002,141320,96679,61603,48672,3986207,1328256,237529,210606,126274,92072,3889747,1390498,244965,145148,128652,4369702,1252677,224608,139457,4155844,944676,217512,4245004,1220019,4431648
2591302,673671,152472,89515,58320,39055,29590,23190,17626,10657,2919700,1017734,223722,151953,72140,42135,45378,52911,16188,3592983,1096442,274002,141320,96679,61603,48672,32255,3986207,1328256,237529,210606,126274,92072,84563,3889747,1390498,244965,145148,128652,89686,4369702,1252677,224608,139457,116459,4155844,944676,217512,125825,4245004,1220019,290289,4431648,1378122,4758391
2919700,1017734,223722,151952,72140,42135,45378,52911,16188,10336,3592983,1096442,274002,141320,96679,61603,48672,33255,28780,3986207,1328256,237529,210606,126274,92072,84563,37632,3889747,1390498,244965,145148,128652,89686,61227,4369702,1252677,224608,139457,116459,86060,4155844,944676,217512,125825,85952,4245004,1220019,290289,207001,4431648,1378122,723018,4758391,1594519,6157700
460277,242445,36322,14064,11374,12195,12266,7255,5196,4790,579930,328775,34104,18921,15983,22428,13442,7687,7425,880052,367927,49625,36459,34594,22371,16994,9687,1086222,459079,82640,66448,41509,15104,20384,891573,345359,95831,56901,26649,25893,937503,404693,96507,49411,39321,1007835,408220,85767,49181,1005512,419134,77789,1269432,611850,1306716
579930,328775,34104,18921,15983,22428,13442,7687,7425,4596,880052,367927,49625,36459,34594,22371,16994,9687,7323,1086222,459079,82640,66448,41509,15104,20384,10164,891573,345359,95831,56901,26649,25893,15399,937503,404693,96507,49411,39321,21530,1007835,408220,85767,49181,36129,1005512,419134,77789,42844,1269432,611850,152498,1306716,498648,1411456
880052,367927,49625,36459,34594,22371,16994,9687,7323,6656,1086222,459079,82640,66448,41509,15104,20384,10164,6669,891573,345359,95831,56901,26649,25893,15399,8784,937503,404693,96507,49411,39321,21530,13430,1007835,408220,85767,49181,36129,18613,1005512,419134,77789,42844,31735,1269432,611850,152498,73097,1306716,498648,94768,1411456,587814,1790015
1086100,458837,82501,66350,41476,15100,20369,10150,6664,9054,891457,345035,95639,56848,26623,25872,15387,8782,7000,937316,404304,96403,49380,39278,21521,13406,13693,1007596,407855,85685,49137,36079,18595,15507,1005291,418644,77609,42755,31698,18386,1269215,611203,152347,73019,30572,1306354,497994,94620,70212,1411077,587157,103171,1789635,707338,1997280
892970,348356,98019,57463,26917,26013,15492,8799,7010,13129,939865,409221,97591,49767,39581,21607,13612,13787,6038,1010442,412067,86678,49448,36604,18762,15605,12548,1007908,424535,78816,43699,32042,18653,15313,1271611,616160,153715,73793,30994,20180,1308905,504009,96142,71209,43713,1414927,593818,104845,80880,1792946,714916,133202,2000727,838696,1898197
939792,409071,97552,49755,39565,21603,13603,13783,6036,3833,1010350,411928,86646,49432,36585,18756,15600,12544,6613,1007823,424348,78750,43665,32028,18640,15305,8564,1271529,615922,153658,73763,30970,20168,12066,1308772,503765,96086,71160,43689,25360,1414784,593571,104764,80846,83764,1792805,714548,133081,74491,2000558,838336,135645,1898057,641394,2234906
1010889,412746,86831,49526,36695,18795,15628,12569,6628,3898,1008320,425448,79136,43864,32109,18716,15355,8599,10885,1272012,617320,153990,73935,31113,20239,12081,10568,1309551,505198,96413,71448,43828,25460,18833,1415621,595024,105241,81044,83892,32315,1793635,716710,133794,74800,52471,2001547,840454,136599,57655,1898877,643378,128359,2235973,842713,2367626
945573,393230,75105,40777,23777,18123,12533,8513,3559,6511,1176132,538917,93347,44135,29943,19100,12143,10583,7210,1225357,452884,90192,59583,37587,26162,18989,23846,1301538,532568,93168,76757,72868,32521,23228,1645449,653798,117843,66690,42062,29368,1828406,780314,124557,54113,53799,1729612,610472,125299,66563,2063752,782555,184219,2187511,923537,2458034
1269800,612079,152341,73139,30653,20044,12066,10568,7282,11742,1306554,498618,94785,70214,43464,25360,18833,22625,11165,1411481,587805,103180,80475,83764,32315,34047,18336,1790007,707361,131898,74494,52471,31232,29938,1997181,834811,135729,57658,53003,37290,1696987,641327,128367,66594,42430,2234885,842710,192565,96745,2367619,985495,233739,2685287,1047129,3165869
817025,363286,80636,38418,22474,28185,14886,17090,18925,12914,868606,359582,101441,45933,29205,26218,19975,14867,17995,992237,392069,72964,41876,33147,21912,13468,7486,1225443,427010,105539,79056,42871,19500,20632,911967,429329,83683,65124,51924,23089,1001242,364335,100624,87330,75098,964826,322015,105391,54139,874286,475846,73284,1126280,643027,1172549
868606,359582,101441,45934,29205,26218,19976,14867,17995,9949,992237,392069,72964,41876,33147,21912,13468,7486,5293,1225443,427010,105539,79056,42871,19500,20632,15473,911967,429329,83683,65124,51924,23089,23838,1001242,364335,100624,87330,75098,46400,964825,322015,105391,54139,32354,874286,475846,73284,119576,1126280,643027,258817,1172550,384238,1395621
992237,392069,72964,41876,33147,21912,13468,7486,5293,4350,1225443,427010,105539,79056,42871,19500,20632,15473,4741,911967,429329,83683,65124,51924,23089,23838,10023,1001242,364335,100624,87330,75098,46400,19499,964825,322015,105391,54139,32354,19529,874286,475846,73284,119576,34098,1126280,643027,258817,79884,1172550,384238,86622,1395620,491924,1509711
1225443,427010,105539,79056,42871,19500,20632,15473,4741,4281,911966,429329,83683,65124,51924,23089,23838,10023,8670,1001243,364335,100624,87330,75098,46400,19499,17554,964825,322015,105391,54139,32354,19529,8380,874286,475846,73284,119576,34098,20968,1126280,643027,258817,79884,24563,1172549,384238,86622,48648,1395621,491924,128998,1509711,500321,1834549
915962,443285,86228,66694,52521,23135,23903,10076,8841,4932,1005992,370985,103411,87908,74859,46339,20003,17334,5319,970803,330245,107178,54698,32853,19705,8550,14341,878037,480331,73425,120672,34450,21350,9656,1133472,646374,266106,80661,24885,34340,1173614,388495,88074,49280,35660,1398953,498978,132429,58560,1513393,507075,92308,1838272,554518,1833836
1007242,372558,104196,88282,75413,46916,20227,17749,5424,8234,972811,332358,108050,54912,32950,19773,8410,14335,-12761,879038,482403,74177,120969,34753,21441,9667,8256,1134414,649357,266864,81071,25041,34620,14853,1174314,388942,88301,49263,35710,18980,1399139,499834,132598,58735,20991,1514126,508179,92618,51135,1839015,555248,103472,1834121,498884,2276786
975450,335157,109187,55398,33068,19802,8282,14595,-12738,4219,880529,485217,74839,131417,34947,21519,9719,8233,2820,1137366,654635,269164,81313,25040,34548,14898,6668,1175491,390182,88745,49337,35760,19019,14328,1399977,502069,133584,59094,20420,24835,1515617,510055,92872,51257,43990,1840716,557413,104208,72230,1835428,501449,90487,2278862,659904,2669491
876750,477614,72645,119912,34291,21065,9660,8186,2877,2931,1128925,641193,260974,80371,24670,34113,14608,6527,9248,1172231,385295,87151,48750,35426,18856,14070,7243,1396694,494332,129748,57530,22372,24436,27709,1510640,500579,90786,50174,43574,25187,1835456,548941,101127,70317,40918,1830565,492252,88942,51589,2272123,648121,123272,2663156,845534,3081839
1128019,640974,259942,80481,24693,34196,14623,6506,9337,5141,1172112,384573,86948,48608,35393,18851,14022,7245,6778,1396131,493280,129117,57335,22861,24370,27702,13527,1510052,498792,90464,50015,43526,25144,26135,1834877,547497,100882,70689,40877,32578,1829671,490951,88819,51439,34918,2271205,646451,123152,76700,2661859,843506,278697,3080359,899872,3837252
75858,20261,7921,3815,1555,1253,505,2124,222,67,73963,34039,19818,309,2787,422,1203,461,192,73394,12242,9103,8358,2066,598,978,221,74826,12705,7540,3912,2635,1444,964,76258,17065,12012,7853,4206,5825,76631,23412,8755,4523,3816,72431,25747,8598,6196,69948,22307,15723,83137,91255,166179
73963,34039,19818,309,2787,422,1203,461,191,158,73394,12242,9103,8358,2066,598,978,202,222,74826,12705,7540,3912,2635,1444,962,1346,76258,17065,12012,7853,4206,5825,6399,76631,23412,8755,4523,3814,6040,72431,25747,8598,6196,2920,69948,22307,15232,5038,96983,91179,52325,166179,57422,207190
73394,12242,9103,8358,2066,598,978,221,203,50,74826,12705,7540,3912,2635,1444,969,1339,5299,76258,17065,12012,7853,4206,5825,6399,5519,76631,23412,8755,4523,3816,6039,5799,72431,25747,8508,6196,2920,2676,69948,22307,15723,4546,82911,96983,91255,52249,30760,166179,57422,82199,207190,98776,261138
123606,121008,45477,29707,31375,23478,15714,9995,8438,3436,124142,109737,38599,36445,19455,24183,10064,10497,7344,114270,106146,49338,31851,28704,19449,17754,8114,112054,136668,46046,32322,19034,19693,14178,121123,117050,46480,22963,27349,26850,119277,115252,41639,28434,32092,119755,112775,44548,29444,123096,107913,42519,124959,120561,137269
819337,603273,142700,76457,39147,61616,40055,34846,40482,23324,1011039,641055,148062,85231,73480,55887,47175,28222,26907,963422,604885,174478,82858,61136,54182,42632,40684,881353,615111,153342,75626,87711,73702,53307,907901,626366,139806,84672,96466,45547,991119,655847,159501,81383,59957,948618,564717,146636,84070,924001,549576,148186,1013860,583646,1149882
1011039,641055,148062,114926,73480,55887,47175,28222,26907,25234,963422,604885,191242,92868,61136,54182,42632,40684,33367,861353,633679,152342,75626,87711,73702,52307,47659,922171,626366,158806,84672,96466,45547,36585,991119,655847,159501,81383,58957,54717,948618,564717,146636,84070,77249,924001,549576,146816,95139,1013660,583646,151857,1149882,1207479,1128660
963816,695965,197519,97298,68051,60997,52924,47846,42505,39450,851784,632760,154619,82071,98149,85253,63000,40681,54930,922529,627760,161245,88760,105880,68092,96548,50997,993348,667637,161639,85488,65118,62975,52469,949380,566260,190740,90474,83860,64883,924526,553021,149815,100129,76404,1014163,584744,151121,101441,1159342,1289591,254485,1129146,719984,987427
861353,633679,152342,75626,87711,73702,52307,47659,41120,30704,922171,626366,158806,84672,96466,45547,36585,32362,28140,991119,655847,159501,81383,58957,54717,40605,44052,948618,564717,146636,84070,77249,57449,30476,924001,549576,146816,95139,70952,41384,1013660,583646,151857,97319,81417,1149882,1207479,253222,133345,1128650,718860,191546,988812,729805,955454
922171,626366,158806,84672,96466,45547,36585,32362,28140,19641,991119,655847,159501,81383,58957,54717,40695,44052,28421,948618,564717,146636,84070,77249,57449,30476,37043,924001,549576,146816,95139,70952,41384,39575,1013660,983646,151857,97539,81417,54548,1149882,1207479,253222,133345,87138,1128660,718860,191546,106730,986812,729805,209716,955454,626162,921818
991119,655847,159501,81383,58957,54717,40695,44052,28421,23789,948618,564717,146636,84070,77249,57449,30476,37043,30552,924001,549576,146816,95139,70952,41384,39575,34394,1013660,583646,151857,97539,81417,54548,49247,1149882,1207479,253222,133345,87138,67802,1128650,718860,191546,106730,87296,986812,729805,209716,99565,955454,626162,199320,921818,611309,1126346
948618,564717,146636,84070,77249,57449,30476,37043,30552,41791,924001,549576,146816,95139,70952,41384,39575,34394,33251,1013660,583646,151857,97539,81417,54548,49247,52274,1149882,1207479,253222,133345,87138,67802,54208,1128650,718860,191546,106730,87296,66097,986812,729805,209716,99565,72943,955454,626162,199320,85108,921818,611309,160641,1126346,733902,959968
923497,548478,145551,91217,63063,33159,31949,26890,31617,21926,1013200,582035,150593,93819,74110,45133,41279,49443,24886,1149386,1206355,250818,128495,79777,58921,51160,71113,1128035,716504,189595,103172,82304,60972,53646,986414,728652,207696,96034,76801,71224,955156,626143,197659,89326,82058,922488,610618,171095,90408,1129714,786155,246569,1060525,805116,1260842
1015383,1135216,357849,160587,77241,37648,30336,17674,13688,6996,968604,974378,291445,115541,51019,25636,25334,10328,10583,852693,843862,246919,83942,36922,18449,17365,7815,712021,703019,207957,69480,30245,16682,15002,644834,716729,170453,61876,26786,15758,616322,661039,164410,57638,25545,624550,626769,163020,54463,825477,804470,222665,794982,731456,790158
968604,974378,291445,115541,51019,25636,25334,10327,10583,7946,852693,843862,246919,83942,36922,18449,17365,7815,7426,712021,703019,207957,69480,30245,16682,15002,9004,644834,716729,170453,61876,26786,15758,12205,616322,661039,164410,57638,25545,14817,624550,626769,163020,54463,23577,825477,804470,222665,74233,794982,731456,197435,790158,733082,811759
852693,843862,246919,83942,36922,18449,17365,7815,7426,6483,712021,703019,207957,69480,30245,16682,15002,9004,5717,644834,716729,170453,61876,26786,15758,12205,6610,616322,661039,164410,57638,25545,14817,10839,624550,626769,163020,54463,23577,20614,825477,804470,222665,74233,46066,794982,731456,197435,86221,790158,733082,204628,811759,781759,909858
712021,703019,207957,69480,30245,16682,15002,9004,5717,5050,644834,716729,170453,61876,26786,15758,12205,6610,6980,616322,661039,164410,57638,25545,14817,10839,8154,624550,626769,163020,54463,23577,20614,11702,825477,804470,222665,74233,46066,28020,794982,731456,197435,86221,41691,790158,733082,204628,82031,811759,781759,204337,909858,833486,686536
644834,716729,170453,61876,26786,15758,12205,6610,6980,4755,616322,661039,164410,57638,25545,14817,10839,8154,6042,624550,626769,163020,54463,23577,20614,11702,10036,825477,804470,222665,74233,46066,28020,22365,794982,731456,197435,86221,41691,29971,790158,733082,204628,82031,46589,811759,781759,204337,74055,909858,833486,245153,686536,660074,736798
616325,661061,164421,57638,25545,14817,10839,8154,6042,7656,624550,626769,163020,54463,23577,20614,11702,10036,5913,825477,804470,222665,74233,46066,28020,22366,18699,794982,731456,197435,86221,41691,29971,24454,790158,733082,204628,82031,46589,29264,811759,781759,204337,74055,44721,909858,833486,245153,82256,686536,660074,159356,736798,702861,853490
624550,626769,163020,54463,23577,20614,11702,10036,5912,5629,825477,804470,222665,74233,46066,28020,22366,18699,12085,794982,731456,197435,86221,41691,29971,24454,19351,790158,733082,204628,82031,46589,29264,20547,811759,781759,204337,74055,44721,27705,909858,833486,245153,82256,36566,686536,660080,159356,63290,736798,702861,193885,853490,794987,1047501
825477,804470,222665,74233,46066,28020,22366,18699,12085,6379,794982,731456,197435,86221,41691,29971,24454,19351,9918,790157,733082,204628,82031,46589,29264,20547,16628,811759,781759,204337,74055,44721,27705,20768,909858,833486,245153,82256,36566,26823,686536,660080,159356,63290,31615,736798,702861,193885,73336,853490,794987,212765,1047501,1229193,1030940
643544,219036,69458,36957,35244,20194,11038,2160,1122,-562,647992,223559,53529,49371,39562,14697,4480,7546,639,763633,224783,67257,43349,34689,28561,16562,18883,832923,303024,76697,43550,43888,27930,12747,844552,237168,56321,59909,84797,31583,786078,246512,71878,60270,48923,783729,259197,66554,53086,740964,252497,77625,648451,284094,597322
647992,223559,53529,49371,39562,14697,4480,7546,639,4455,763633,224783,67257,43349,34689,28561,16562,18883,3663,832923,303024,76697,43550,43888,27930,12747,10991,844552,237168,56321,59909,84797,31583,27574,786078,246512,71878,60270,48923,35613,783729,259197,66554,53086,47964,740964,252497,77625,51261,648451,284094,91011,597322,217014,663896
763633,224783,67257,43349,34689,28561,16562,18883,3663,4345,832923,303024,76697,43550,43888,27930,12747,10991,1701,844552,237168,56321,59909,84797,31583,27574,6104,786078,246512,71878,60270,48923,35632,16672,783729,259197,66554,53086,47964,46894,740964,252497,77625,51735,51071,648451,284094,90844,59521,597322,217094,76327,663896,247633,757007
833742,302406,76761,43618,43889,27930,12747,11006,1708,5575,845386,236329,56241,59892,84725,31583,27574,6104,8938,786078,246514,71959,60287,48959,35632,16672,11049,783729,259197,66554,52958,47962,46894,20146,740964,252497,77625,51862,51073,45617,648451,284094,90844,59521,115035,597322,217094,76327,49616,663896,247633,75409,757007,235908,790752
775339,320703,61670,25644,17049,13369,7244,4109,3299,1897,803836,295747,58498,26910,15639,9188,5874,3696,1245,861177,326582,62128,27641,15374,12530,7580,2397,832228,301202,54487,27407,12902,10268,5933,845424,317650,64515,29587,22182,9836,891804,330073,60962,33915,18366,898086,344680,69127,31414,968189,364593,99689,917796,424157,977537
803836,295747,58498,26910,15639,9188,5874,3481,914,6390,861177,326582,62128,27641,15374,12530,7314,1963,2893,832228,301202,54487,27407,12902,9890,5267,3008,845424,317650,64515,29587,21584,8895,10381,891804,330073,60962,32900,16898,11428,898088,344706,66972,28778,20312,968189,345135,94722,39435,881844,411439,94402,939366,422162,1047526
861177,326582,62128,27641,15374,12530,7580,2130,2783,335,832228,301202,54487,27407,12902,10268,5555,2780,648,845424,317650,64515,29587,22182,9238,10009,3021,891804,330073,60962,33915,17351,10951,7178,898088,344707,69128,29258,19147,10103,968196,364593,80231,36806,23258,917797,388202,87222,44592,976474,397439,88979,1090024,426780,1043412
832228,301202,54487,27407,12902,10268,5555,2780,648,-4697,845424,317650,64515,29587,22182,9238,10009,3021,1555,891804,330073,60962,33915,17351,10951,7178,4395,898088,344707,69128,29258,19147,10103,6066,968196,364593,80231,36806,23258,9808,917799,388202,87222,44592,23462,976834,398092,88976,41039,1090030,426848,95873,1042630,410929,865431
845424,317650,64515,29587,22182,9238,10009,3021,1661,2874,891804,330073,60962,33915,17351,10951,7178,4473,1913,898088,344707,69128,29258,19147,10103,6748,3242,968196,364593,80231,36806,23258,9472,9480,917799,388202,87222,44592,23246,18630,976839,398101,88977,42431,33985,1090029,426848,92364,48987,1042639,424182,94733,862204,339895,946541
891804,330073,60963,33915,17351,10951,7178,4473,1899,1794,898088,344707,69128,29258,19147,10103,6748,3216,2084,968196,364593,80231,36806,23258,9472,9411,6246,917799,388202,87222,44592,23246,18495,12449,976839,398101,88977,42431,33739,18288,1090040,426848,92365,48627,30124,1042651,424186,94048,48910,861701,337524,74366,944314,386749,878844
898088,344707,69128,29258,19147,10103,6748,3216,2095,1595,968196,364593,80231,36806,23258,9472,9411,6276,4538,917799,388202,87222,44592,23246,18495,12508,4410,976839,398101,88977,42431,33739,18375,9019,1090040,426848,92365,48627,30267,20404,1042651,424150,94043,49137,28065,861689,337523,74718,42413,944325,388491,87168,878140,396597,916767
968196,364593,80231,36806,23258,9472,9411,6276,4520,2959,917799,388202,87222,44592,23246,18495,12508,4392,8545,976839,398101,88977,42431,33739,18375,8981,8550,1090040,426848,92365,48627,30267,20322,12510,1042651,424150,94043,49137,27951,27457,861690,337523,74718,42243,27520,944330,388503,86822,43664,878151,395082,92635,913106,419734,942378
3117470,1089861,219331,100080,69300,46827,31525,24438,35358,22490,2952315,1147755,228539,102184,56561,46375,33857,25869,23875,2738747,1154843,227415,121549,66458,41691,42753,32205,2812327,1159255,219341,105040,55798,44261,33525,2736159,1094518,223821,104703,67613,51182,2587319,1030895,228556,113685,74673,3122559,1339944,272555,130142,2361447,1072100,232718,2529763,1047565,2506426
2952315,1147755,228539,102184,56561,46375,33857,25869,23875,26806,2738747,1154843,227415,121549,66458,41691,42753,32205,24904,2812327,1159255,219341,105040,55798,44261,33525,33334,2736159,1094518,223821,104703,67613,51182,32681,2587319,1030895,228556,113685,74673,38814,3122559,1339944,272555,130142,77441,2361447,1072100,232718,99869,2529761,1047560,220890,2506382,1133766,2618520
2738747,1154843,227415,121549,66458,41691,42753,32205,24904,19414,2812327,1159255,219341,105040,55798,44261,33525,33334,19765,2736159,1094518,223821,104703,67613,51182,32681,23017,2587319,1030895,228556,113685,74673,38814,33639,2122559,1339944,272555,130142,77441,52111,2361447,1072100,232718,99869,64428,2529761,1047560,220890,105652,2506382,1133766,264603,2618520,1247570,2777896
2812322,1159239,219340,105038,55798,44261,33525,33334,19765,25127,2736154,1094505,223817,104688,67612,51181,32681,23018,33503,2587361,1030883,228547,113684,74670,38813,33597,23681,3122553,1339935,272549,130142,77438,52106,43610,2361443,1072094,232712,99870,64428,46020,2529752,1047549,220886,105626,73473,2506380,1133763,264604,108313,2618515,1247557,288079,2777885,1285383,2784630
2736154,1094505,223817,104688,67612,51181,32681,23018,33503,21013,2587361,1030883,228547,113684,74670,38813,33597,23681,20641,3122553,1339935,272549,130142,77438,52106,43610,25087,2361443,1072094,232712,99870,64428,46020,25140,2529752,1047549,220886,105626,73473,45023,2506380,1133763,264604,108313,82624,2618515,1247557,288079,115978,2777885,1285383,316969,2784630,1385262,2546636
2587361,1030883,228547,113684,74670,38813,33597,23681,20641,20581,3122553,1339935,272549,130142,77438,52106,43610,25087,27591,2361443,1072094,232712,99870,64428,46020,25140,20999,2529752,1047549,220886,105626,73473,45023,39583,2506380,1133763,264604,108313,82624,61202,2618515,1247557,288079,115978,76107,2777885,1285383,316969,127994,2784630,1385262,312449,2546636,1135603,3035021
3122553,1339935,272549,130142,77438,52106,43610,25087,27591,19363,2361443,1072094,232713,99869,64428,46020,25140,20999,28206,2529752,1047549,220886,105626,73473,45023,39583,35230,2506380,1133763,264604,108313,82624,61202,36731,2618515,1247557,288079,115978,76107,46568,2777885,1285383,316969,127994,90188,2784630,1385262,312449,127576,2546636,1135603,282252,3035021,1721056,2926981
2361443,1072094,232713,99869,64428,46020,25140,20999,28206,23165,2529752,1047549,220886,105626,73473,45023,39583,35230,21359,2506380,1133763,264604,108313,82624,61202,36731,34652,2618515,1247557,288079,115978,76107,46568,31233,2777885,1285383,316969,127994,90188,45687,2784630,1385262,312449,127576,72758,2546636,1135603,282252,145410,3035021,1721056,477107,2926981,1577413,3314306
2529752,1047549,220886,105626,73473,45023,39583,35230,21359,21918,2506380,1133763,264604,108313,82624,61202,36731,34652,19707,2618515,1247557,288079,115978,76107,46568,31233,24346,2777885,1285383,316969,127994,90188,45687,36088,2784630,1385262,312449,127576,72758,44110,2546636,1135603,282252,145410,68993,3035021,1721056,477107,204346,2926981,1577413,393323,3314306,2051820,3486816
571887,310459,49998,20268,16915,18855,7327,9541,13560,9740,517319,302544,45857,16986,12564,12279,19373,9236,6016,737736,359369,53159,26793,19174,11213,11671,16173,713104,374137,57080,25910,15757,15552,11222,668535,344693,60947,38178,25358,24382,697224,371880,57662,27172,21147,720064,451394,64494,32437,550628,336193,48099,535345,302832,749546
737831,360566,54772,28311,20278,11376,11832,19981,5110,6386,713293,375550,58509,27576,17773,14513,14625,9273,8100,668627,345521,62735,39905,26162,24520,27445,12309,697353,373030,59430,28775,24842,19991,17620,720398,452259,65996,52269,20430,10251,550723,337199,49909,27702,22154,535452,303867,60566,31142,749831,358576,60497,554342,512247,594302
713293,375550,58509,27535,17715,14569,14937,9187,8224,18003,668627,345498,62639,39874,26162,24520,28225,12309,7592,697353,373030,59352,28680,25132,20000,18019,8499,720398,452259,65996,54120,20531,10331,11539,550723,337199,49909,27698,22154,17719,535452,303867,60566,30820,17217,749831,358576,60389,34185,554342,513170,129094,597697,357770,590691
668627,345498,62639,39874,26162,24520,28225,12309,7592,4793,697353,373030,59352,28680,25132,20000,18019,8499,9222,720398,452259,65996,54120,20531,10331,11571,8303,550723,337199,49909,27698,22154,17656,9594,535452,303867,60566,30820,17195,13907,749831,358576,60389,34200,20123,554342,513170,129111,51620,597697,357680,72300,590786,457165,657408
697353,373030,59352,28680,25132,20000,18019,8499,9222,11760,720398,452259,65996,54120,20531,10331,11571,8303,17962,550723,337199,49909,27698,22154,17656,9594,14310,535452,303867,60566,30820,17195,13907,8232,749831,358576,60389,34200,20114,41816,554342,513170,129111,51620,37763,597697,357680,72300,43169,590786,457447,94250,655939,497668,584760
720398,452259,65996,54120,20531,10332,11572,8387,17964,6355,550723,337199,49909,27698,22154,17656,9904,14325,14126,535452,303867,60566,30820,17195,13907,8232,17212,749831,358576,60389,34200,20134,41837,39221,554342,513170,129111,51620,37736,27360,597697,357680,72300,43187,35749,590786,457447,94368,45333,655939,437518,132043,594920,488031,781126
550723,337199,49909,27698,22154,17656,9904,14325,14126,18585,535452,303867,60566,30820,17195,13907,8232,17216,9817,749831,358576,60389,34200,20114,41817,39205,35228,554342,513170,129111,51620,37776,27373,34314,597697,357680,72300,43187,35272,39411,590786,457447,94368,45412,36002,655939,437519,112251,41505,594920,488032,79766,761910,658028,610911
614126,142865,21171,11143,6816,2904,1198,482,257,255,623979,143005,23279,10232,5611,1834,982,1050,632,636386,147359,23324,9399,4945,2268,656,136,623146,140265,22722,8944,3500,2018,735,612445,139520,21552,7739,3086,1042,600809,130799,17404,7595,3379,604032,131580,23221,12968,612302,136222,21116,627260,144237,650187
623979,143005,23279,10232,5611,1834,982,1050,632,399,636386,147359,23324,9399,4945,2268,656,136,560,623146,140265,22722,8944,3500,2018,735,341,612445,139520,21552,7739,3086,1042,1179,600809,130799,17404,7595,3379,1734,604032,131580,23221,12958,6191,612302,136222,21116,13002,627260,144237,24645,650187,152603,696722
636386,147359,23324,9399,4945,2268,656,136,560,7,623146,140265,22722,8944,3500,2018,735,341,150,612445,139520,21552,7739,3086,1042,1179,530,600809,130799,17404,7595,3379,1734,1279,604032,131580,23221,12958,6191,4054,612302,136222,21116,13002,7145,627260,144237,24645,14500,650187,152603,25209,696722,169471,551191
623146,140265,22722,8944,3500,2018,735,341,150,38,612445,139520,21552,7739,3086,1042,1179,530,333,600809,130799,17404,7595,3379,1734,1279,879,604032,131580,23221,12958,6191,4054,5322,612302,136222,21116,13002,7145,3071,627260,144237,24645,14500,6674,650187,152603,25209,12231,696722,169471,27551,551191,137111,679522
612445,139520,21552,7739,3086,1042,1179,530,333,207,600809,130799,17404,7595,3379,1734,1279,879,537,604032,131580,23221,12958,6191,4054,5322,1575,612302,136222,21116,13002,7145,3071,3270,627260,144237,24645,14500,6674,5788,650187,152603,25209,12231,6387,696722,169471,27551,16342,551191,137111,21326,679522,177784,737813
600809,130799,17404,7595,3379,1734,1279,879,537,415,604032,131580,23221,12958,6191,4054,5322,1575,2403,612302,136222,21116,13002,7145,3071,3270,2010,627260,144237,24645,14500,6674,5788,4052,650187,152603,25209,12231,6387,6567,696722,169471,27551,16342,8885,551191,137111,21326,11113,679522,177784,23980,737813,220933,841576
140,566,274,210,179,31,186,47,1,0,4458,8803,2916,841,637,277,574,861,124,14926,10800,3645,1662,1155,658,360,368,14094,14697,4002,1814,1367,525,213,23048,13831,4891,2044,1181,966,12623,12070,4318,2242,1955,10771,9983,4435,2454,8643,8773,4101,9284,7603,6444
4456,8803,2916,841,637,277,574,861,124,101,14926,10800,3645,1662,1155,658,360,368,265,14094,14697,4002,1814,1367,525,213,195,23048,13831,4891,2044,1181,966,756,12623,12070,4318,2242,1955,786,10771,9983,4435,2454,2057,8643,8773,4101,3326,9284,7603,5216,6444,7237,8485
14926,10800,3645,1662,1155,658,360,368,265,248,14094,14697,4002,1814,1367,525,213,195,359,23048,13831,4891,2044,1181,966,756,502,12623,12070,4318,2242,1955,786,688,10771,9983,4435,2454,2057,1116,8643,8773,4101,3326,1497,9284,7603,5216,2068,6444,7237,3908,8485,10033,10512
14094,14697,4002,1814,1367,525,213,195,359,142,23048,13831,4891,2044,1181,966,756,502,286,12623,12070,4318,2242,1955,786,688,-127,10771,9983,4435,2454,2057,1116,673,8643,8773,4101,3326,1497,831,9204,7603,5216,2068,1205,6444,7237,3908,2149,8485,10033,4975,10512,10031,9339
23048,13831,4891,2044,1181,966,756,502,286,126,12623,12070,4318,2242,1955,786,688,-127,268,10771,8963,4435,2454,2057,1116,673,460,8643,8773,4101,3326,1497,831,574,9284,7603,5216,2068,1205,1590,6444,7237,3908,2149,1236,8485,10033,4975,2576,10512,10031,5176,9339,9082,10556
1824108,399732,93178,68250,62852,26985,10434,10743,10998,8533,1762235,413959,148420,87371,50790,32952,18349,10388,9269,1819024,555087,165288,115389,72430,28948,30531,19978,1932749,580430,141078,90259,61893,37349,18362,2008343,544998,168237,102534,46451,40614,1848289,565789,125504,50818,32269,2100421,621157,115387,73307,2151944,780136,168498,2313945,879337,2264524
1856893,446771,79400,39134,23438,22096,18886,23385,6914,5306,1822129,428868,89043,45996,33435,23351,9865,14628,5914,1824108,399732,93178,68250,62852,26985,10434,10743,1762235,413959,148420,87371,50790,32952,18349,1819024,555087,165288,115389,72430,28948,1932749,580430,141078,90259,61893,2008343,544998,168237,102534,1848289,565799,125504,2100421,621157,2151944
1822129,428868,89043,45996,33435,23351,9865,14628,5914,3747,1824108,399732,93178,68250,62852,26985,10434,10743,10998,1762235,413959,148420,87371,50790,32952,18349,10388,1819024,555087,165288,115389,72430,28948,30531,1932749,580430,141078,90259,61893,37349,2008343,544998,168237,102534,46451,1848289,565789,125504,50818,2100421,621157,115387,2151944,780136,2313945
145793,708746,400552,84876,48864,57027,24570,5918,25465,26373,146834,663369,244415,137495,59519,42785,9313,25677,14003,386746,610172,361103,112678,70372,19394,23836,21666,370698,794041,369350,86350,36098,55302,29309,354955,833084,308625,131704,110999,31416,461546,865015,489750,249554,149932,701832,1644592,911409,389650,507446,1185122,616200,396836,1253743,424435
146834,663369,244415,137495,59519,42785,9313,25677,14003,7184,386746,610172,361103,112678,70372,19394,23836,21666,11717,370698,794041,369350,86350,36098,55302,29309,21508,354955,833084,308625,131704,110999,31416,16532,461546,865015,489750,249554,149932,81294,701832,1644592,911409,389650,122947,507446,1185122,616200,221598,396836,1253743,603736,424435,1200961,365141
386746,610172,361103,112678,70372,19394,23836,21666,11717,6574,370698,794041,369350,86350,36098,55302,29309,21508,7535,354955,833084,308625,131704,110999,31416,16532,15518,461546,865015,489750,249554,149932,81294,76856,701832,1644592,911409,389650,122947,120800,507446,1185122,616200,221598,132797,396836,1253743,603736,212134,424435,1200961,693178,365141,1516872,471500
370698,794041,369350,86350,36098,55302,29309,21508,7535,11350,354955,833084,308625,131704,110999,31416,16532,15518,10327,461546,865015,489750,249554,149932,81294,76856,45450,701832,1644592,911409,389650,122947,120800,166359,507446,1185122,616200,221598,132797,109733,396836,1253743,603736,212134,146415,424435,1200961,693178,323979,365141,1516872,896847,471500,1544103,521583
354955,833084,308625,131704,110999,31416,16532,15518,10327,5855,461546,865015,489750,249554,149932,81294,76856,45450,13948,701832,1644592,911409,389650,122947,120800,166359,54050,507446,1185122,616200,221598,132797,109733,60293,396836,1253743,603736,212134,146415,57477,424435,1200961,693178,323979,151761,365141,1516872,896857,462889,471500,1544103,891690,521583,1526720,448655
107751,32262,1889,756,210,41,17,73,65,0,157731,43384,3438,955,374,352,58,20,1,194505,79415,4307,1294,680,93,88,0,209271,58029,4103,1295,308,100,55,230076,67801,3272,-1512,604,334,207451,60479,2473,1854,431,183948,47618,2884,741,166762,52700,2359,163887,53875,103404
157731,43384,3438,955,374,352,58,20,1,27,194505,79415,4307,1294,680,93,88,0,27,209271,58029,4103,1295,308,100,55,38,230076,67801,3272,-1512,604,334,85,207451,60479,2473,1854,431,285,183948,47618,2884,741,483,166762,52700,2359,1143,163887,53875,3458,103404,30678,66496
194505,79415,4307,1294,680,93,88,0,27,-1,209271,58029,4103,1295,308,100,55,38,130,230076,67801,3272,-1512,604,334,85,57,207451,60479,2473,1854,431,285,76,183948,47618,2884,741,483,97,166762,52700,2359,1143,483,163887,53875,3458,598,103404,30678,872,66496,27288,86219
209271,58029,4103,1295,308,100,55,38,130,2,230076,67801,3272,-1512,604,334,85,57,3,207451,60479,2473,1854,431,285,76,22,183948,47618,2884,741,483,97,17,166762,52700,2359,1143,483,792,163887,53875,3458,598,176,103404,30678,872,295,66496,27288,884,86219,25604,80056
230076,67801,3272,-1512,604,334,85,57,3,2,207451,60479,2473,1854,431,285,76,22,6,183948,47618,2884,741,483,97,17,4,166762,52700,2359,1143,483,792,-143,163887,53875,3458,598,176,93,103404,30678,872,295,167,66496,27288,884,206,86219,25604,836,80056,20810,70763
6533,4563,1071,394,196,51,15,5,3,1,17554,8063,1470,1185,299,85,29,16,4,25400,9719,1575,1470,400,137,73,18,35822,14319,3281,1796,614,325,79,46564,17576,5005,2570,1348,330,50303,16483,4526,2124,527,45227,13945,3603,1112,43020,13942,2534,43425,12791,35531
17554,8063,1470,1185,299,85,29,16,4,3,25400,9719,1575,1470,400,137,73,18,11,35822,14319,3281,1796,614,325,79,48,46564,17576,5005,2570,1348,330,198,50303,16483,4526,2124,527,319,45227,13945,3603,1112,682,43020,13942,2534,1100,43425,12791,2727,35531,9996,46459
25400,9719,1575,1470,400,137,73,18,11,4,35822,14319,3281,1796,614,325,79,48,17,46564,17576,5005,2570,1348,330,198,75,50303,16483,4526,2124,527,319,312,45227,13945,3603,1112,682,503,43020,13942,2534,1100,1076,43425,12791,2727,1338,35531,9996,2716,46459,14692,54031
35822,14319,3281,1796,614,325,79,48,17,-9,46564,17576,5005,2570,1348,330,198,75,28,50303,16483,4526,2124,527,319,312,203,45227,13945,3603,1112,682,503,187,43020,13942,2534,1100,1076,564,43425,12791,2727,1338,525,35531,9996,2716,878,46459,14692,2494,54031,19088,59097
46564,17576,5005,2570,1348,330,198,75,28,-1,50303,16483,4526,2124,527,319,312,203,33,45227,13945,3603,1112,682,503,187,19,43020,13942,2534,1100,1076,564,241,43425,12791,2727,1338,525,376,35531,9996,2716,878,606,46459,14692,2494,1158,54031,19088,2971,59097,19818,62920
47641,40743,16263,6073,3562,3807,2315,3070,3889,1078,64360,51839,15631,7378,7634,2753,3740,3358,2268,67812,52507,14653,6244,4109,3293,2902,2457,68007,58246,16386,5745,5224,2354,4375,64304,52802,18793,5617,4421,4167,62161,48465,14922,7966,4344,63807,47857,16327,6173,60501,54528,19712,72460,57698,75774
64731,52970,15673,7699,6797,2845,3938,3482,2202,1826,69283,53066,15474,6507,4127,3297,3031,2649,1511,70823,61013,16621,5893,5361,2841,4723,2552,67986,56194,19242,5933,6412,5253,4842,65175,51646,15904,8415,4958,3882,65195,52289,17306,6786,4435,62674,55564,20354,7911,72676,57818,18983,76843,73432,84599
69283,53866,15474,6507,4127,3297,3031,2649,1511,1570,70823,61013,16621,5893,5361,2841,4723,2552,2418,67986,56194,19242,5933,6412,5253,4842,4640,65175,51646,15804,8415,4850,3882,3423,65195,52289,17306,6786,4435,4621,62674,55564,20354,7911,4162,72676,57818,18983,7922,76843,73432,24174,84599,70906,86745
70823,61013,16621,5893,5361,2841,4723,2552,2418,1308,67986,56194,19242,5933,6412,5253,4842,4640,1283,65175,51646,15804,8415,4850,3882,3423,1258,65195,52289,17306,6786,4435,4621,5054,62674,55564,20354,7911,4162,2773,72676,57818,18983,7922,5710,76839,73432,24174,6157,84599,70906,23770,86745,70388,95143
67986,56194,19242,5933,6412,5253,4842,4640,1283,2446,65175,51646,15804,8415,4850,3882,3423,1258,1162,65195,52289,17306,6786,4435,4621,5054,2100,62674,55564,20354,7911,4162,2773,2203,72676,57818,18983,7922,5710,4176,76839,73432,24174,6157,6469,84599,70906,23770,5934,86745,70388,16662,95143,66784,81729
65156,51418,15216,7590,4156,3349,2966,967,865,621,65156,52080,16699,6022,3765,4053,4579,1770,1254,62664,55394,19884,7298,3537,2215,1818,790,72664,57684,18466,7260,5093,3674,1139,76830,73279,23596,5504,5882,2060,84592,70662,23185,5384,4667,86727,70184,16311,8045,95124,66604,18725,81713,52754,96322
65156,52080,16699,6022,3765,4053,4579,1770,1254,785,62664,55394,19884,7298,3537,2215,1818,790,654,72664,57684,18466,7260,5093,3674,1139,1635,76830,73279,23596,5504,5882,2060,2310,84592,70662,23185,5384,4667,826,86727,70184,16311,8045,5539,95124,66604,18725,6542,81713,52754,19353,96322,72986,114069
138095,121570,37891,15981,10305,8003,5046,1889,2678,1477,145282,114576,39410,16459,9792,7101,2809,4028,2974,144487,139246,42909,25351,9300,5341,4553,3619,189556,160587,55375,17552,14516,8950,7168,170059,136206,31918,20434,12616,6373,164915,110178,33547,12580,8463,133964,92748,29873,6811,152902,121693,37356,167586,137485,170902
145282,114576,39410,16459,9792,7101,2809,4028,2974,2959,144487,139246,42909,25351,9300,5341,4553,3619,2528,189556,160587,55375,17552,14516,8950,7168,5420,170059,136206,31918,20434,12616,6373,4502,164915,110178,33547,12580,8463,3898,133964,92748,29873,6811,5779,152902,121693,37356,16940,167586,137485,35153,170902,155899,173046
473671,544299,201246,186200,134886,84659,42832,59577,39221,46324,432523,538936,219042,79835,65899,28352,46025,45740,44772,437817,382255,247896,135957,261360,57218,28991,34712,417086,531234,197828,85054,75911,51150,34704,545265,576452,265385,318519,65787,48970,525933,732322,319046,120174,91039,542467,764035,312652,135104,658369,942328,349013,905634,992948,635492
415712,511741,201786,73061,56448,21951,40447,37196,37669,9337,420240,359406,228678,47064,253847,45922,21210,27856,10475,399617,502583,178850,72784,63495,42483,30134,16794,519840,564376,210840,288671,47150,36584,64616,502972,685541,285439,100632,77525,65588,514097,706718,278993,113910,128368,620818,871633,314811,200285,852892,918653,418396,592253,908811,738619
422318,361877,230771,48204,253595,46173,21054,28640,10467,25667,401038,505136,180062,73691,63869,43040,30502,16826,11611,521979,567005,213459,293596,48047,37294,65305,21010,504299,690073,289353,101764,78340,64326,24028,517059,711389,282602,114859,132961,73121,620903,878465,315883,200851,64449,857804,925737,420776,157042,594584,910779,352330,747078,980871,746353
402340,507802,181232,74529,64423,43757,30768,16930,11621,9331,524560,571868,215653,296653,48643,37688,66440,21113,30527,505600,695689,292856,102654,79663,64996,24352,39774,519237,717696,285823,116004,135879,74284,36919,623779,886017,319125,202425,65733,53286,863576,933835,425552,159161,108393,598643,918410,354718,172595,754479,993459,547959,755243,1115471,581368
518358,554638,209590,286038,47212,36247,64564,20874,28479,9785,502146,682168,282932,100588,76724,63103,23744,38414,28693,512954,701305,276416,112732,125637,71073,36197,25812,613979,862793,310557,199278,63524,52678,130783,847379,911658,413345,153821,103418,52349,588441,896316,347342,166316,105276,733235,957220,523000,242247,739011,1083578,414606,551802,737997,377575
505402,695887,291808,102953,79627,64850,24386,39580,30170,11363,518702,716060,285207,115748,134476,74044,36830,26408,33380,620377,882013,318236,202547,65618,53734,131787,27497,862225,933286,423563,158911,108970,53654,56017,997156,912196,353442,171121,108076,97976,752478,989554,547628,253881,113644,753087,1110458,426822,297555,559689,771406,379501,385422,171698,433598
523814,723603,291085,117350,140811,75538,37040,26983,34319,8341,622959,893035,320863,203274,65302,54285,132426,27551,26662,871634,944332,427621,160742,110909,54066,55867,25802,601212,919785,356794,173600,108794,99537,58965,765315,1009110,561223,250548,116130,122410,756893,1124885,433474,300686,281998,569146,777988,381906,139360,388587,192217,300429,433206,928595,377783
621522,885583,317581,202348,65204,54828,132166,26947,26505,9149,865558,935815,423958,159182,108665,53683,55664,25742,22606,597936,912551,354578,172050,108166,97968,57756,50417,758137,995788,550619,254185,114437,120377,126339,751844,1114666,427824,297828,278194,108548,570285,774696,378612,138571,107268,385863,181613,297436,245007,431030,919211,528300,374995,763314,427481
872402,947446,430561,162384,111946,54244,55842,25956,23094,16292,601476,918666,357627,174416,109957,100408,58789,50972,34940,768973,1014976,565435,260876,117575,124308,130966,141873,749528,1130053,434709,302931,285000,110194,147482,562182,777571,380812,140452,108891,155772,388751,168767,300547,248288,214801,433192,934461,535061,420213,375842,768389,495013,429494,896398,503307
15991,113454,118174,72635,78263,63956,30440,15567,5833,4152,27413,126252,134637,107597,70400,51812,29273,19229,11975,17709,139537,107361,83203,55957,44629,24217,35614,44505,185561,172481,78872,43486,43674,27845,22727,179973,98109,36166,33879,31578,32939,164732,83994,61489,46946,29417,183206,119634,55394,33341,227475,153992,42833,241735,63625
22909,119280,125493,100626,66390,48695,27392,18194,11322,2136,16929,131697,100630,78096,52667,41710,22529,33581,7268,42081,175118,160618,73500,40767,40771,26180,15942,21752,168682,91502,33422,31270,29043,16512,31906,156591,78547,56674,43198,17438,28327,173515,111307,51317,21464,32183,215205,143025,82945,41393,229491,153821,61706,310994,68060
17786,139700,107189,83585,56157,44907,24209,35880,7828,6593,44440,186202,172075,78712,43571,43699,27966,17069,11045,22750,179860,97914,35920,33628,31324,17777,8751,33125,165421,83935,61030,46582,18741,12148,29646,183681,119271,55182,23081,39496,33555,227659,153178,88829,61132,43115,242083,163990,88394,64030,325555,236904,70145,369407,72287
44947,185881,175281,80418,44020,43984,28018,17633,10892,21817,22391,181904,99644,36950,34886,32220,18080,9172,12160,32592,164040,84428,63026,48404,18957,12180,22974,29059,184278,121695,56309,23794,39815,22885,33027,230283,157432,91797,61546,48816,42629,244735,167821,91082,86551,63359,325860,241275,136768,69640,371055,229612,71362,421783,73510
33031,167043,86388,64216,49408,19353,12414,23808,14722,8922,29242,186292,123978,57476,24179,39820,23406,17088,20912,32922,231974,159938,93436,60933,50063,27669,43540,42646,245568,169401,92273,88262,162242,36329,63207,323528,241629,138599,121559,74141,68974,369600,231096,125554,89474,70189,418361,292053,306009,72391,465588,350441,81816,441057,103061
169749,130320,58855,25718,15262,17956,11528,9148,5306,2315,116126,85590,36103,14560,15084,9444,6434,3882,4385,75431,66176,18007,8683,6768,5788,3227,1099,72618,56893,20944,9199,4699,3427,1670,67657,65966,19313,19847,3419,3281,104965,89925,32189,12168,9849,83331,66022,15607,12389,69790,43574,14822,52251,39994,56580
116126,85590,36103,14560,15084,9444,6434,3882,4385,3142,75431,66176,18007,8683,6768,5788,3227,1099,2023,72618,56893,20944,9199,4699,3427,1670,2393,67657,65966,19313,19847,3419,3281,2243,104965,89925,32189,12168,9849,8124,83331,66022,15607,12389,7077,69790,43574,14822,6039,52251,39994,10521,56580,48707,53517
536124,197383,33903,24597,15196,13834,12709,7179,6295,7287,520287,187842,35777,21687,26321,13807,8324,14554,9111,486032,171498,37265,19573,12767,9266,8743,9044,502191,189712,36355,17777,13462,13003,9069,524232,205482,40074,24295,14260,15724,519491,187109,46076,25674,16219,485903,245848,42206,30439,447997,192705,52840,432954,191998,420392
469406,161780,33554,17276,10714,7504,7200,7838,7645,7484,483847,178815,32675,15620,11161,10811,6732,6160,5250,504513,195499,36801,21867,11973,13720,9649,9622,503863,178567,42542,23270,14015,11132,13588,469309,236986,38904,27774,17930,11108,435002,185596,49787,27723,17120,420136,185018,29609,18853,408259,155301,34992,383777,176403,405605
483847,178815,32675,15620,11165,10820,6735,6160,5251,5076,504513,195499,36802,21878,11979,13727,9658,9626,9519,503863,178568,42548,23274,14017,11133,13590,12464,469311,237004,38915,27788,17936,11114,9131,435010,185614,49797,27728,17122,12989,420152,185044,29616,18864,12636,408275,155321,34997,18751,383788,176416,34475,405617,179255,387358
504513,195499,36802,21879,11974,13724,9658,9623,9519,7359,503863,178567,42543,23270,14014,11132,13588,12464,8938,469310,236993,38903,27761,17930,11114,9131,8769,435004,185596,49788,27723,17119,12989,7037,420142,185022,29609,18855,12609,9199,408266,155307,34991,18743,10168,383776,176403,34465,22465,405605,179242,33122,387347,181122,398117
502184,177808,39490,20607,11965,10212,13193,12287,8939,6138,468539,230832,32263,20091,13874,9405,8402,8770,9412,433635,177727,39473,20433,12952,10908,7037,6449,420118,185029,29614,18850,12616,9204,7288,408266,155316,34991,18746,10174,8136,383781,176399,34471,22466,12735,405601,179240,33125,21963,387350,181130,35877,398119,148469,407364
433635,177727,39473,20433,12952,10908,7037,6449,7517,9028,420118,185029,29614,18850,12616,9204,7288,9890,4964,408266,155316,34991,18746,10174,8136,9479,5323,383781,176399,34471,22466,12735,9624,7970,405601,179240,33125,21963,11801,8957,387350,181130,35877,18487,10958,398119,148469,39653,20114,407364,278145,68791,406534,283770,443156
420118,185029,29614,18850,12616,9204,7288,9890,4964,4698,408266,155316,34991,18746,10174,8136,9479,5323,6883,383781,176399,34471,22466,12735,9624,7970,9209,405601,179240,33125,21963,11801,8957,7529,387350,181130,35877,18487,10958,5350,398119,148469,39653,20114,10284,407364,278145,68791,32136,406534,283770,69957,443156,343263,451406
55110,28064,13464,5116,2822,1942,1452,500,436,867,56973,25881,7990,4921,2879,1812,3064,775,2948,59438,26337,7376,2174,2160,2460,1202,1846,54795,35127,5999,3289,1574,1730,792,50623,21202,5535,2902,2115,1150,52836,23867,7623,4526,1805,49411,23034,8424,3224,53304,37492,13021,50497,23340,52530
56973,25881,7990,4921,2879,1812,3064,775,2948,1327,59439,26340,7376,2174,2160,2460,1202,1846,1771,54799,35131,5999,3289,1574,1730,792,2017,50623,21202,5535,2902,2115,1150,474,52836,23868,7623,4526,1805,1210,49411,22956,8419,3204,486,53300,37411,12918,3805,50461,23246,6657,52445,26359,59821
59439,26340,7376,2174,2160,2460,1202,1846,1771,215,54799,35131,5999,3289,1574,1730,792,2017,289,50623,21202,5535,2902,2115,1150,474,1082,52824,23815,7617,4490,1805,1208,557,49411,22956,8419,3204,486,1399,53291,37371,12876,3800,4175,50461,23246,6657,4494,52445,26360,7263,59825,36005,53196
54799,35131,5999,3289,1574,1730,792,2017,289,488,50623,21202,5535,2902,2115,1150,474,1082,27,52824,23815,7617,4490,1805,1208,557,1218,49411,22956,8419,3204,486,1399,1846,53291,37371,12876,3800,4175,2593,50461,23246,6657,4494,1426,52445,26360,7263,6152,59825,36005,10557,53196,25673,56737
50623,21202,5535,2902,2115,1150,474,1082,27,328,52824,23815,7617,4490,1805,1208,557,1218,285,49411,22956,8419,3204,486,1399,1846,434,53291,37371,12876,3800,4175,2593,765,50461,23246,6657,4494,1426,502,52432,26271,7249,6121,2643,59825,35992,10520,6726,53196,25673,7058,56737,23424,51465
52824,23815,7617,4490,1805,1208,557,1218,285,330,49411,22956,8419,3204,486,1399,1846,434,114,53291,37371,12876,3800,4175,2593,765,846,50461,23246,6657,4494,1426,502,497,52432,26271,7249,6121,2643,875,59825,35992,10520,6726,2305,53196,25673,7058,4184,56737,23424,8376,51465,20054,64044
49411,22956,8419,3204,486,1399,1846,434,114,775,53239,36951,12643,3748,4085,2452,726,784,758,50461,23246,6657,4494,1426,502,497,229,52432,26271,7249,6121,2643,875,377,59825,35992,10520,6726,2305,1724,53196,25673,7058,4184,2126,56737,23424,8376,4451,51465,20054,6919,64044,39869,61889
53239,36951,12643,3748,4085,2452,726,784,758,2110,50461,23246,6657,4494,1426,502,497,229,654,52432,26271,7249,6121,2643,875,377,438,59825,35992,10520,6726,2305,1724,381,53196,25673,7058,4184,2126,1118,56737,23424,8376,4451,3786,51465,20054,6919,6281,64044,39869,13291,61889,42219,65220
50461,23233,6655,4467,1411,483,490,207,647,572,52432,26271,7249,6121,2643,875,377,438,562,59825,35992,10520,6726,2305,1724,381,316,53196,25673,7058,4184,2126,1110,1741,56737,23424,8376,4451,3786,2326,51465,20054,6919,6281,4409,64044,39869,13291,4428,61889,42219,8573,65220,33254,77841
714,513,213,286,-13,2,2,2,-21,0,720,563,347,133,48,16,-42,0,0,895,850,402,131,22,15,0,0,801,963,674,463,101,4,4,764,747,292,163,300,0,775,919,295,871,40,921,1571,276,117,849,1438,450,887,904,864
720,563,347,133,48,16,-42,0,0,0,895,850,402,131,22,15,0,0,0,801,963,674,463,101,4,4,-34,764,747,292,163,300,0,0,775,919,295,871,40,17,921,1571,276,117,26,849,1438,450,502,887,904,251,864,741,750
895,850,402,131,22,15,0,0,0,0,801,963,674,463,101,4,-4,-34,0,764,747,292,163,300,0,0,1,775,919,295,871,40,17,16,921,1571,276,117,26,2,849,1438,450,502,10,887,904,251,115,864,741,262,750,869,763
801,963,674,463,98,0,0,0,0,0,764,747,292,163,298,30,0,1,0,775,919,295,871,23,0,0,1,921,1571,276,117,25,0,0,849,1438,450,502,9,1,887,904,251,118,167,864,741,252,164,750,859,243,761,916,728
764,747,292,163,298,30,0,1,0,0,775,919,295,871,23,0,1,0,0,921,1571,276,117,25,0,0,0,849,1438,450,502,9,1,24,887,904,251,118,167,1,864,741,252,164,56,750,859,243,141,761,916,249,728,1074,916
775,919,295,871,23,0,1,0,0,0,921,1571,276,117,25,0,0,0,10,849,1438,450,502,9,1,24,0,887,904,251,118,167,1,0,864,741,252,164,56,0,750,859,243,141,23,761,916,249,520,728,1074,167,916,1253,707
921,1571,276,117,25,0,0,0,10,0,849,1438,450,502,9,1,24,0,0,887,904,251,118,167,1,0,4,864,741,252,164,56,0,0,750,859,243,141,23,9,761,916,249,520,7,728,1074,167,275,916,1253,267,707,876,618
849,1438,450,502,9,1,24,0,0,0,887,904,251,118,167,1,0,4,0,864,741,252,164,56,0,0,0,750,859,243,141,23,9,-2,761,916,249,520,7,0,728,1074,167,275,12,916,1253,267,186,707,876,582,618,698,630
887,904,251,118,167,1,0,4,0,0,864,741,252,164,56,0,0,0,0,750,859,243,141,23,9,-2,0,761,916,249,520,7,0,4,728,1074,167,275,12,7,916,1253,267,186,-14,707,876,582,131,618,698,225,630,951,768
510,1720,574,279,111,0,0,0,0,0,887,1175,616,132,68,0,0,0,0,443,850,330,38,17,0,0,0,465,841,232,65,84,0,0,455,1501,253,48,15,0,461,710,625,74,1,371,653,523,133,410,599,362,490,609,936
887,1175,616,132,68,0,0,0,0,0,443,850,330,38,17,0,0,0,0,465,841,232,65,84,0,0,0,455,1501,253,48,15,0,0,461,710,625,74,1,0,371,653,523,133,272,410,599,362,51,490,609,194,936,895,557
443,850,330,38,17,0,0,0,0,0,465,841,232,65,84,0,0,0,0,455,1501,253,48,15,0,0,0,461,710,625,74,1,0,0,371,653,523,133,272,0,410,599,362,51,3,490,609,194,25,936,895,335,557,506,297
385,281,230,65,84,0,0,0,0,0,321,1305,243,48,16,0,0,0,0,378,553,625,74,1,0,0,0,289,486,522,72,272,0,0,342,460,362,53,3,0,368,533,192,25,42,820,766,362,21,444,598,485,277,467,456
321,1305,262,48,16,0,0,0,0,0,378,553,625,74,1,0,0,0,0,289,486,522,198,272,0,0,38,342,460,362,53,3,0,0,368,533,192,25,42,5,820,766,362,312,52,444,598,485,36,414,467,288,456,1001,419
8496,10746,1456,1399,250,426,48,43,45,42,7098,10598,1789,1929,436,83,19,33,44,9179,12520,3036,1365,-112,-284,264,-331,6434,7873,1720,643,447,26,22,4909,5369,1083,812,411,207,4600,5905,1072,435,51,4619,6092,1370,833,4836,5964,1315,4309,5332,4365
7098,10598,1789,1929,436,83,19,33,44,50,9179,12520,3036,1365,-112,-284,264,-331,26,6434,7873,1720,643,447,26,22,-11,4909,5369,1083,812,411,207,17,4600,5905,1072,435,51,4,4619,6092,1370,833,90,4836,5964,1315,209,4309,5332,1045,4365,4588,4333
9179,12520,3036,1365,-112,-284,264,-331,26,27,6434,7873,1720,643,447,26,22,-11,19,4909,5369,1083,812,411,207,17,16,4600,5905,1072,435,51,4,2,4619,6092,1370,833,90,11,4836,5964,1315,209,565,4309,5332,1045,368,4365,4588,697,4333,5622,4508
6434,7870,1709,919,430,6,2,0,0,0,4909,5369,1086,809,402,195,0,1,18,4600,5905,1072,435,50,2,0,0,4619,6092,1370,925,75,0,1,4836,5964,1352,198,552,87,4309,5332,1042,362,428,4365,4588,697,508,4333,5622,1818,4508,5248,4359
4909,5369,1086,809,402,195,0,1,18,0,4600,5905,1072,435,50,2,0,0,0,4619,6092,1370,925,75,0,1,0,4836,5964,1352,198,552,87,0,4309,5332,1042,362,428,0,4365,4588,697,508,341,4333,5622,1818,721,4508,5248,1062,4359,5782,5919
4600,5905,1072,435,50,2,0,0,0,0,4619,6092,1370,925,75,0,1,0,0,4836,5964,1352,198,552,87,0,0,4309,5332,1042,362,428,0,1,4367,4594,697,508,343,2,4341,5630,1820,721,67,4522,5268,1065,865,4376,5822,2370,5940,7440,3881
4619,6092,1370,925,75,0,1,0,0,0,4836,5964,1352,198,552,87,0,0,0,4309,5332,1042,362,428,0,1,4,4367,4594,697,508,343,2,1,4341,5630,1820,721,67,40,4522,5268,1065,865,101,4376,5822,2370,318,5940,7440,1563,3881,4326,3501
4836,5964,1352,198,552,87,0,0,0,0,4309,5332,1042,362,428,0,1,4,0,4367,4594,697,508,343,2,1,0,4341,5630,1820,721,67,40,0,4522,5268,1065,865,101,174,4376,5822,2370,318,314,5940,7440,1563,1104,3881,4326,658,3501,4204,3578
4309,5332,1042,362,428,0,1,4,0,0,4367,4594,697,508,343,2,1,0,0,4341,5630,1820,721,67,40,0,0,4522,5268,1065,865,101,174,5,4376,5822,2370,318,314,4,5940,7440,1563,1104,56,3881,4326,658,1030,3501,4204,1051,3578,4738,3866
138126,171042,75982,60935,39139,57874,37280,41771,40399,25832,140730,188479,80168,53310,71874,76973,60341,46184,33321,145621,160512,70097,75503,59607,49986,37046,54879,143111,157287,143157,75219,66601,44780,46204,142975,624388,143861,80152,60726,45129,1140949,582713,141131,77762,73451,1095193,558595,150683,89776,1142064,577735,170969,1160894,684473,1191190
140730,188489,80177,53312,47399,76964,60336,46107,36174,33598,145622,160517,70097,49401,59617,49979,37071,55976,38609,143115,157289,79823,75248,66606,44812,43885,34303,142977,154266,143898,80157,60718,43131,46747,144536,582907,141203,77838,70705,49225,1095307,558659,150713,89360,77324,1142078,577868,167471,89358,1161035,662203,215459,1219495,790054,1182122
145622,160516,70096,49398,43957,49983,37049,55962,38905,32233,143115,157290,79823,53394,66596,44782,44294,34749,29214,142977,154265,76778,80134,60706,44205,47040,33471,144534,154471,141121,77764,72058,49186,23674,145499,558585,150656,91136,81345,46600,1142064,577709,168929,89370,59861,1160931,658135,210410,118501,1216318,758831,250037,1200960,844033,1333921
143119,157293,79825,53394,52416,44811,44503,34765,29158,32564,142977,154267,76781,53825,60711,44212,47041,32689,33017,144536,154473,74957,77829,72065,49190,23077,35195,145500,155037,150724,91146,81351,51705,61471,144871,577896,169025,89422,58836,70632,1161151,659806,212017,117330,87008,1216996,760482,247930,142325,1201099,829898,237448,1344939,692891,1203140
142977,154267,76779,53826,50385,44208,47040,32688,33887,23088,144535,154472,74958,53148,72058,49186,23076,36145,34193,145499,155037,74698,91139,81345,51703,70598,55608,144871,153773,168962,89380,58862,69987,50359,153140,660871,213109,117551,87889,79009,1217394,761450,248382,141434,88928,1201126,830620,243302,126835,1345124,664017,204906,1214313,740779,1348790
144535,154473,74959,53149,54484,49192,23076,36145,34862,30852,145499,155038,74699,51023,81353,51704,70598,62597,32356,144871,153774,76929,89396,58852,70010,50961,87705,153139,172356,212441,117299,87786,76863,75670,152303,760845,248094,141263,88725,81674,1200975,830067,243003,131227,100654,1345013,663598,204804,115610,1214303,717051,214027,1370532,922251,1342958
145500,155038,74702,51023,50254,51705,70598,62596,40859,28737,144871,153775,76930,48868,58829,70072,50985,87797,65534,153139,172357,97666,118383,87990,77109,76952,54822,152304,187873,248711,141640,88945,81909,67429,147224,830811,243389,131356,101719,83730,1345216,664369,205253,114752,176029,1214330,717580,209567,136765,1370560,894032,258764,1387987,1017528,1322785
145358,117069,47013,27830,32058,27540,24973,23662,15517,13366,160501,136849,52581,31234,43946,27592,19016,23587,24742,148672,117241,45335,51701,47087,40606,31792,26626,138209,118522,69934,40004,39606,25412,21137,138495,312913,67380,50086,27347,19851,894583,307422,75747,59215,30863,876497,288642,73623,48373,914454,297190,80050,884570,317278,939680
160533,137046,52622,31250,38776,27393,18806,23215,24741,24346,148699,117261,45324,35980,46838,40347,31763,26497,22604,138239,118546,46484,39478,39289,25324,21091,31405,138562,112203,65966,49402,27238,19785,20937,148828,300910,74284,59035,30719,47465,868681,282008,73269,48127,30646,905281,296633,79687,56733,884226,316615,77654,939324,325237,940409
148699,117263,45325,35982,36036,40347,31763,26497,22604,21098,138239,118550,46487,29754,39290,25324,21091,31405,14758,138562,112235,43886,49404,27239,19785,20937,24916,148828,114410,74289,59035,30719,47465,22874,148976,282028,73272,48127,30648,20207,906112,296653,79687,56732,39250,884357,316610,77654,48350,939371,325235,69838,940438,368430,893542
138239,118550,46488,29754,33576,25412,21137,31524,14758,17192,138562,112236,43887,41752,27348,19851,20973,24916,14903,148828,114410,52818,59215,30863,47569,22874,41424,148976,113871,73626,48373,30776,20207,21692,146958,297210,80050,56903,39250,38812,884700,317273,78003,48350,45620,939727,325918,69838,50160,940783,368430,88417,893542,306906,921995
138562,112236,43887,41752,22447,19851,20973,24916,14903,14025,148828,114410,52818,45708,30863,47569,22874,41424,37613,148976,113871,44410,48373,30776,20207,21692,32748,146958,109248,80050,56903,39250,38812,30986,141100,317273,78003,48350,45620,37142,939727,325918,69838,50160,50187,940783,368430,88417,45771,893542,306906,69606,921995,350207,1112334
164750,117516,52818,45708,26703,47569,22874,41424,37613,31139,164758,116503,44410,33834,30776,20207,21692,32748,23470,163289,112236,47655,56903,39250,38812,30986,22624,157694,109931,78003,48350,45620,37142,34773,151151,325918,69838,50160,50187,45542,940783,368430,88417,45771,51010,893542,306906,69606,43716,921995,350208,82010,1112334,513111,1073489
164758,116503,44410,33834,24441,20207,21692,32748,23470,19363,163289,112236,47655,30555,39250,38812,30986,22624,33349,157694,109931,44391,48350,45620,37142,34773,29562,151151,107982,69838,50160,50187,45542,43796,150510,368430,88417,45771,51010,50560,893542,306906,69606,43716,42730,921995,350208,82010,55170,1112334,513111,128978,1073489,499053,1096319
8484,8351,3386,2546,2418,1368,1268,6325,6946,5455,8420,8599,2832,1834,1551,2023,650,2377,253,8550,7520,2948,1689,1042,15914,804,1135,8791,7987,3923,2622,1789,1453,482,9546,18992,4341,1942,1875,3329,42016,20299,4709,2846,1636,42349,18753,5674,3393,45125,18194,5952,44675,29637,43772
8420,8599,2832,1836,1123,2023,650,2377,253,219,8550,7520,2948,850,1042,15914,804,1135,833,8791,7987,2089,2622,1789,1453,482,599,9546,8715,4341,1942,1875,3329,691,10236,20299,4709,2846,1636,1597,42349,18753,5674,3393,2087,45125,18194,5952,2827,44675,29637,7655,43772,20685,41833
8550,7520,2948,850,375,15914,804,1135,833,707,8791,7987,2089,1751,1789,1453,482,599,651,9546,8715,2765,1942,1875,3329,691,701,10236,8574,4709,2846,1636,1597,902,10605,18753,5674,3393,2087,654,45125,18194,5952,2827,3845,44675,29637,7655,2982,43772,20685,4697,41833,23547,37151
8791,7987,2089,1751,1217,1453,482,599,651,966,9546,8715,2765,1279,1875,3329,691,701,571,10236,8574,3275,2846,1636,1597,902,358,10605,8681,5674,3393,2087,654,522,11222,18194,5952,2827,3845,2611,44675,29637,7655,2982,1683,43772,20685,4697,2740,41833,23547,6740,37151,21162,42538
9546,8715,2765,1279,1311,3335,691,702,571,421,10236,8574,3275,1764,1642,1597,903,359,2310,10605,8681,3500,3395,2087,655,522,584,11222,8809,5954,2827,3846,2611,1166,11344,30417,7678,2979,1683,1649,46802,21559,4730,2743,3325,44935,24265,6751,3194,39652,21690,4617,45398,24812,51963
10236,8574,3275,1764,1286,1597,903,359,2310,-1192,10605,8681,3500,2446,2087,655,522,584,218,11222,8809,3565,2827,3846,2611,1166,432,11344,9350,7678,2979,1683,1649,7361,10734,21559,4730,2743,3325,2257,44935,24265,6751,3194,1827,39652,21690,4617,2253,45398,24812,4291,51963,29226,54832
10605,8681,3500,2446,1860,655,522,584,218,797,11222,8809,3565,1649,3846,2611,1166,432,51,11344,9350,3390,2979,1683,1649,7361,1793,10734,8682,4730,2743,3325,2257,1088,10830,24265,6751,3194,1827,824,39652,21690,4617,2253,2187,45398,24812,4291,3371,51963,29226,8426,54832,33995,53821
105183,85019,27164,14671,15942,13498,8643,6231,9466,4553,108023,86697,27842,16890,17791,13960,15534,8729,6963,105546,87090,28786,35152,26692,28156,14982,7515,110930,84153,47893,24538,20329,15494,11590,112086,213234,49509,29620,16253,14108,609733,230037,55293,30600,21806,600423,209691,51199,40641,658148,227505,58818,658784,256409,704320
108023,86697,27842,16913,13038,13960,15534,8729,6963,3354,105546,87090,28786,14552,26692,28156,14982,7515,7768,110930,84153,26001,24538,20329,15494,11590,13457,112086,83040,49509,29620,16253,14108,8869,114783,230037,55293,30600,21806,14860,600423,209691,51199,40641,18934,658148,227505,58818,41499,658784,256409,70081,704320,258091,684018
105546,87090,28786,14552,10735,28156,14982,7515,7768,4064,110930,84153,26001,13741,20329,15494,11590,13457,5546,112086,83040,28843,29620,16253,14108,8869,3123,114783,89067,55293,30600,21806,14860,8433,124262,209691,51199,40641,18934,13811,658148,227505,58818,41499,31104,658784,256409,70081,35050,704320,258091,66729,684018,303586,598237
110930,84153,26001,13741,8339,15494,11590,13457,5546,5396,112086,83040,28843,17058,16253,14108,8869,3123,7234,114783,89067,30495,30600,21806,14860,8433,9858,124262,94553,51199,40641,18934,13811,18752,134421,227505,58818,41499,31104,38085,658784,256409,70081,35050,40545,704320,258091,66729,41060,684018,303586,74880,598237,220058,697149
112086,83040,28843,17058,10257,14108,8869,3123,7234,7301,114783,89067,30495,20014,21806,14860,8433,9858,8657,124262,94553,31487,40641,18934,13811,18752,12702,134421,96283,58818,41499,31104,38085,28608,135849,256409,70081,35050,40545,33761,704320,258091,66729,41060,33768,684018,303586,74880,44631,598237,220058,61584,697149,264187,827603
114783,89067,30495,20014,13767,14860,8433,9858,8657,-12164,124262,94553,31487,17910,18934,13811,18752,12702,6541,134421,96283,32164,41499,31104,38085,28608,26357,135849,97164,70081,35050,40545,33761,44374,139739,258091,66729,41060,33768,37123,684018,303586,74880,44631,30375,598237,220058,61584,33763,697149,264187,64519,827603,386959,823991
124262,94553,31487,17910,12383,13811,18752,12702,6541,3021,134421,96283,32164,20571,31104,38085,28608,26357,17867,135849,97164,37013,35050,40545,33761,44374,30442,139739,102407,66729,41060,33768,37123,39286,147503,303586,74880,44631,30375,27106,598237,220058,61584,33763,26246,697149,264187,64519,29605,827603,386959,101843,826369,377494,859520
10738,10399,4220,3487,2605,5432,1564,1231,1093,1102,11346,10356,3604,2254,2093,2481,2425,2573,4990,11337,10292,4180,6123,4653,4287,1795,1440,11412,9041,9453,9094,4442,2286,3381,12546,38383,6658,5036,3913,3145,99514,40746,7349,3575,3250,106865,41172,9345,5286,124866,49250,11506,133118,54293,160867
11346,10356,3604,2254,1667,2481,2425,2573,4990,7915,11337,10292,4180,3994,4653,4287,1795,1440,1692,11412,9041,4590,9094,4442,2286,3381,1563,12546,11056,6658,5036,3913,3145,2350,12813,40746,7349,3575,3250,5000,106865,41172,9345,5286,2096,124866,49250,11506,7984,133118,54293,13274,160867,67037,164178
11338,10292,4180,3994,3191,4287,1795,1440,1692,1342,11412,9041,4591,8335,4442,2286,3381,1563,1535,12550,11060,3540,5036,3913,3145,2350,1617,12833,10987,7349,3575,3250,5000,2135,13950,41173,9345,5286,2096,2184,124887,49251,11506,7984,8367,133125,54293,13273,6666,160871,67037,15050,164182,75261,231291
11412,9041,4591,8335,3985,2286,3381,1563,1535,1014,12550,11060,3540,3832,3913,3145,2350,1617,1148,12833,10987,4291,3575,3250,5000,2135,1785,13950,11712,9345,5286,2096,2184,2645,15478,49251,11506,7984,8367,6242,133125,54293,13273,6666,6683,160871,67037,15050,9662,164182,75261,17313,231291,99521,167902
12550,11060,3540,3832,3913,3145,2350,1617,1148,1486,12833,10987,4291,2365,3250,5000,2135,1785,1598,13950,11712,3967,5286,2096,2184,2645,1166,15478,13929,11506,7984,8367,6242,3081,17699,54293,13273,6666,6683,4604,160871,67037,15050,9662,9024,164182,75261,17313,8611,231291,99521,15439,167902,75989,176906
14233,11260,4291,2365,2226,5000,2135,1785,1598,1129,15407,11984,3967,3520,2096,2184,2645,1166,1888,17156,14246,6185,7984,8367,6242,3081,3032,19521,13681,13273,6666,6683,4604,4371,19455,67037,15050,9662,9024,8571,164182,75261,17313,8611,8600,231291,99521,15439,8515,167902,75989,16820,176906,90832,159347
15407,11984,3967,3520,1829,2184,2645,1166,1888,1244,17156,14246,6185,4252,8367,6242,3081,3032,4806,19521,13681,5672,6666,6683,4604,4371,16639,19455,14747,15050,9662,9024,8571,5623,20235,75261,17313,8611,8600,7495,231291,99521,15439,8515,9432,167902,75989,16820,8875,176906,90832,21328,159347,86909,160004
3730,2801,633,215,264,302,1534,191,281,152,3815,3535,1363,1318,2088,104,410,828,537,3926,2806,1512,1364,670,461,422,65,3800,3565,1758,1740,400,532,538,3938,8753,1910,809,475,481,24700,12224,3261,929,755,22044,7996,1340,491,22443,8716,1746,20198,8714,21084
3815,3535,1363,1318,1946,104,410,828,537,20,3926,2806,1512,1194,670,461,422,65,477,3800,3565,1365,1740,400,532,538,168,3938,3042,1910,809,475,481,159,4245,12224,3261,929,755,785,22044,7996,1340,491,113,22443,8716,1746,1494,20198,8714,1738,21084,9460,19384
163237,89044,14847,7287,7996,4466,6222,3742,2438,2194,262615,91240,21842,9831,9483,6454,4439,2085,4662,308024,133556,30795,24570,12910,6492,5654,3802,257614,128231,31452,35811,9909,8382,6576,295736,156748,33027,29849,22379,10082,373746,150327,32555,24235,16343,380368,175426,59190,41905,434536,178147,60988,482640,188974,384471
262615,91240,21842,9831,9483,6484,4439,2085,4662,2059,308024,133556,30795,24570,12910,6492,5654,3892,4634,257614,128231,31452,36811,9909,8382,6576,4480,295736,156748,33027,29849,22379,10082,6313,373746,150327,32555,24235,16343,12721,380368,175426,59190,41905,29135,434536,178147,60990,38876,482640,188974,53623,384471,181263,392025
308024,133556,30795,24570,12910,6492,5654,3892,4634,428,257614,128231,31452,36811,9909,8382,6576,4480,1811,295736,156748,33027,29849,22379,10082,6313,4793,373746,150327,32555,24235,16343,12721,8572,380368,175426,59190,41905,29135,20383,434536,178147,60990,38876,25674,482640,188974,53623,34140,384471,181263,42256,392025,164727,471586
257614,128231,31452,36811,9909,8382,6576,4480,1811,1572,295736,156748,33027,29849,22379,10082,6313,4793,2944,373746,150327,32555,24235,16343,12721,8572,5484,380368,175426,59190,41905,29135,20383,10684,434536,178147,60990,38876,25674,17235,482640,188974,53623,34140,21823,384471,181263,42255,19914,392025,164727,37802,471586,210138,549921
724124,177423,32101,32702,21379,11129,5429,4216,2701,1878,473430,153589,34830,21685,14091,10688,7326,4881,4211,494867,179338,55291,38737,24856,17460,7720,6890,532852,179811,53564,31866,19747,14734,9955,728853,196748,46827,28154,18008,14033,492699,190874,37408,16911,9481,478384,175471,35472,12659,606841,222529,23341,722092,219509,743002
473430,153589,34850,21685,14091,10688,7326,4881,4211,1394,494867,179371,55291,38737,24856,17460,7720,6890,3185,532852,179811,53564,31866,19747,14734,9955,13873,728853,196748,46827,28154,18008,14033,12664,492699,190874,37408,16911,9481,6326,478384,175471,35472,12659,13116,606841,222529,23341,15194,722092,219509,35438,743002,265196,805123
494867,179326,55207,36795,24950,17429,7715,6886,3152,2527,532852,179829,54153,32090,19800,14734,9888,13489,6124,728806,197033,46981,28222,17996,13977,12662,5754,492967,191226,37466,16869,9407,6293,3985,478462,175649,35411,12598,13094,12021,606975,222325,23245,15028,6679,720667,217743,35290,5703,742353,263643,40081,803796,244006,698343
532721,179150,52647,29845,17944,12956,8492,11743,4965,3124,728605,196409,45888,26330,16466,12580,10755,4606,4226,492754,190654,36730,15983,7935,5458,2853,1294,478181,175188,35133,12178,12655,11071,4424,606622,222016,23062,14535,6209,6553,719932,217048,33910,5132,6903,742133,263483,39756,21872,803622,243730,49522,698101,237129,869391
